2 
0 
1 
1 
2 
0 
2 
0 
2 45:1 58:1 104:1 116:1 126:1 128:1 
0 47:1 
1 
0 
2 
1 
2 61:1 86:1 
1 
0 
0 113:1 
2 
0 
0 
0 
0 85:1 
0 
0 
2 
2 
1 
0 
0 
2 
0 
2 
2 
0 88:1 
0 
0 
2 
0 
2 
0 
2 
2 27:1 101:1 105:1 
1 
0 
1 78:1 
0 
2 84:1 
2 
0 41:1 
2 
0 
0 86:1 
0 
0 
0 
2 
1 10:1 
0 57:1 
0 
2 
2 
0 
0 73:1 98:1 
0 
2 18:1 
0 
2 
1 
0 
2 
0 53:1 
0 
0 
0 
0 
2 
2 
0 55:1 
0 46:1 
0 
0 
2 
2 
0 27:1 
0 
1 
0 
0 7:1 63:1 
1 
0 
2 
1 
2 
2 
0 
1 
2 
0 
0 
2 
0 18:1 
1 
0 
0 
0 
1 
0 
2 
0 66:1 123:1 
0 
0 80:1 113:1 
1 48:1 
2 
0 3:1 
0 
0 
0 
0 109:1 
0 
0 
1 
2 
0 55:1 
2 
1 
0 
0 
0 82:1 
1 
1 
0 
0 88:1 
0 
0 
0 
1 
2 
0 47:1 60:1 
0 
0 7:1 
0 
0 
1 117:1 
0 
1 109:1 
0 
0 71:1 
0 
0 
0 
0 
0 
0 
0 
2 
2 4:1 
0 
0 20:1 41:1 45:1 125:1 
2 
2 45:1 58:1 104:1 116:1 126:1 128:1 
2 
0 107:1 
2 
0 
0 
1 17:1 
0 
2 
1 
2 
0 35:1 
2 
2 
0 11:1 114:1 118:1 127:1 
2 
0 
2 
0 
0 
0 
1 42:1 
0 
2 
1 
1 
0 
0 
0 
0 7:1 
0 
1 
0 9:1 
0 7:1 113:1 
2 61:1 
0 
0 53:1 58:1 91:1 120:1 
2 
0 
0 33:1 
2 
0 
0 
0 
0 
1 
0 53:1 
1 
0 46:1 
0 
0 
0 56:1 
0 
0 27:1 
0 
2 
1 
2 32:1 
0 13:1 
1 
1 
1 3:1 
0 87:1 
0 
0 
0 
2 
0 
1 
2 
2 
2 81:1 
2 
0 
1 
0 
0 
0 
0 
0 
2 
0 
1 
0 
2 
1 
0 
2 
0 
0 
0 
0 12:1 
0 20:1 41:1 45:1 125:1 
1 
0 50:1 
0 
2 72:1 
0 
0 
2 8:1 
0 70:1 
1 122:1 
0 71:1 
0 85:1 
2 86:1 
0 
0 
0 
2 
0 
0 95:1 
1 13:1 75:1 
2 
0 116:1 
2 20:1 45:1 58:1 92:1 104:1 124:1 125:1 126:1 128:1 
0 
0 
2 6:1 116:1 
1 
2 
0 122:1 
1 60:1 
2 
0 45:1 
1 
0 
1 
0 
0 
1 
0 25:1 
2 
0 
1 
0 
2 6:1 
1 
2 
1 
0 
0 
0 
0 
0 117:1 
2 3:1 
1 89:1 
0 
1 
0 
0 
0 24:1 49:1 69:1 83:1 97:1 112:1 130:1 131:1 133:1 
1 
0 23:1 
0 
1 
1 
0 
0 
2 
1 101:1 105:1 
0 
0 
2 
2 
0 
2 
0 
1 
0 
0 
2 
0 
0 
1 
1 
1 
1 79:1 
2 
1 
0 13:1 
0 
0 
1 
0 
0 31:1 
1 
0 
0 
0 
0 
1 
2 
1 
0 
0 8:1 
1 109:1 
2 
1 
2 
1 
0 
0 
2 
2 
0 
0 
1 
0 
2 
1 
0 87:1 
0 6:1 
1 3:1 
0 12:1 
1 
1 
0 
0 
0 
1 
0 
0 
2 72:1 101:1 
0 30:1 
1 
0 57:1 
2 110:1 
0 
2 20:1 45:1 58:1 92:1 104:1 124:1 125:1 126:1 128:1 
2 
0 
1 
0 
2 110:1 
2 
0 2:1 
2 
1 
0 
0 
1 
0 
0 
1 9:1 
0 
0 
0 
0 96:1 113:1 
0 
1 90:1 
0 51:1 
2 4:1 91:1 
0 40:1 114:1 
1 
0 106:1 
1 
0 
0 16:1 71:1 76:1 129:1 
0 62:1 102:1 
0 61:1 
0 
0 
2 
1 
0 
0 
0 11:1 117:1 
0 
0 
1 
0 
0 
0 
0 
1 
0 
2 
0 
1 
0 
0 
2 
0 
0 
0 
0 
0 90:1 
2 
1 98:1 
0 8:1 
0 90:1 
0 
0 
0 
0 
0 
1 
0 
0 
0 
0 
2 
0 
0 
0 
0 44:1 
2 72:1 
0 
0 
0 
0 
2 
2 
2 
0 42:1 
2 81:1 
1 
0 77:1 
0 
2 
0 40:1 71:1 
0 
0 
0 
2 
0 
0 78:1 
0 47:1 
1 
0 
2 
0 
0 
2 
0 
2 
0 21:1 115:1 
2 
1 
0 
0 96:1 
0 
0 7:1 113:1 
0 
0 
0 
0 
0 
1 29:1 
1 
2 
0 
1 5:1 6:1 
2 35:1 
0 23:1 93:1 
0 
2 58:1 
2 
0 
0 
2 
0 119:1 
1 
0 
1 56:1 
2 
2 
0 
0 19:1 
0 32:1 
1 34:1 
0 7:1 
1 
0 81:1 
1 
1 
0 
2 116:1 
0 
0 98:1 
1 16:1 19:1 71:1 
2 
1 
0 
2 
0 
1 
0 103:1 
1 
1 
0 
2 
0 
0 107:1 
0 46:1 
1 63:1 
0 24:1 49:1 69:1 83:1 97:1 112:1 121:1 130:1 131:1 133:1 
1 
0 2:1 79:1 
0 
0 
0 
0 
2 52:1 
2 
1 
0 12:1 
0 
0 
0 
0 44:1 84:1 
2 
2 
0 
2 
1 
1 
2 
0 68:1 
0 
1 
2 
1 
0 
0 
0 36:1 
0 
1 14:1 35:1 71:1 
0 21:1 
0 
1 
0 
2 
2 
0 
0 98:1 
1 
1 
1 
0 
2 
1 23:1 
1 47:1 
1 98:1 
0 
1 109:1 
0 
0 
2 
1 30:1 
0 
2 
0 
1 
0 7:1 
2 
0 
2 
2 
1 8:1 
0 
0 43:1 
1 
1 
0 
2 
2 
1 
0 113:1 
2 
1 
1 
1 
2 85:1 
2 
1 86:1 
1 
2 
0 
1 
0 
0 13:1 
0 73:1 
1 
0 2:1 47:1 
2 
0 
1 
2 
2 
2 
1 
0 50:1 71:1 
0 39:1 94:1 
0 
2 
2 
0 
2 
2 
1 29:1 
0 81:1 
0 
2 101:1 
0 
2 
1 
0 114:1 118:1 127:1 
0 
1 
2 
0 
2 
0 
0 
1 
1 
0 
1 28:1 101:1 
1 
2 
2 1:1 
1 
0 
0 
0 122:1 
0 3:1 
0 
0 
1 103:1 
0 
1 
0 
0 34:1 45:1 58:1 92:1 104:1 124:1 126:1 128:1 
0 89:1 
1 
2 77:1 
2 1:1 53:1 
0 
0 95:1 113:1 
0 
0 
0 
0 
0 
0 
0 
0 42:1 63:1 
0 10:1 62:1 
0 
2 54:1 
2 
2 6:1 
2 
1 28:1 
0 
2 
0 
1 
0 
2 15:1 67:1 
0 
0 109:1 
0 36:1 
0 
1 26:1 99:1 132:1 
0 
1 47:1 
0 
0 
1 
0 
1 
0 113:1 
0 
0 
2 107:1 
1 
2 54:1 
1 
0 
0 
2 29:1 77:1 
0 
1 44:1 
0 
0 
2 
1 
2 
1 
0 
0 
0 
0 
0 24:1 49:1 69:1 83:1 97:1 112:1 121:1 130:1 131:1 133:1 
0 
1 
2 47:1 
0 
2 
1 
2 108:1 
0 
0 
2 18:1 
2 
0 93:1 96:1 
1 
1 
0 
0 
2 
2 
0 
0 
1 57:1 
1 31:1 
0 
2 
0 
1 
2 25:1 
1 59:1 
2 
0 
2 
1 
0 
2 
1 
0 
2 
0 
1 
1 19:1 84:1 
1 
0 
0 
1 
0 63:1 
1 20:1 45:1 125:1 
2 13:1 45:1 104:1 128:1 
0 
2 
2 
2 
1 
2 
1 77:1 
1 
0 
1 
1 
2 
2 
0 
0 
0 
2 
1 
0 
0 50:1 
0 32:1 
0 
2 
0 96:1 
0 106:1 
0 
2 
0 
1 5:1 88:1 
0 62:1 73:1 83:1 109:1 
2 37:1 
0 
1 
2 
2 
1 
0 
0 
2 
0 
2 
1 37:1 
1 
2 13:1 
0 
1 93:1 
1 
0 
1 77:1 
2 
0 68:1 
2 
0 
1 
1 
1 
0 
0 
2 
1 
0 
2 
0 
1 
2 
0 
1 79:1 
2 
2 
0 
0 39:1 59:1 
2 
0 
2 101:1 
2 105:1 
0 
1 
2 
1 
2 45:1 
2 
0 39:1 
1 
1 74:1 
0 
2 72:1 
2 
2 
0 
1 
1 
1 
2 
2 
2 13:1 
2 
2 
0 122:1 
1 114:1 118:1 127:1 
2 61:1 
0 
0 
2 
1 29:1 37:1 108:1 
0 86:1 
0 
0 
2 103:1 
1 78:1 
0 
2 
1 
0 
0 
2 67:1 
2 
1 
0 
0 
2 48:1 
2 
0 14:1 35:1 
0 
2 
0 
1 50:1 
0 
0 
1 
1 43:1 
2 82:1 121:1 
1 
0 42:1 
0 
1 
1 23:1 
0 
1 
1 
0 7:1 
1 
0 
0 43:1 
1 
0 
1 15:1 67:1 
0 51:1 
0 
0 
1 
1 9:1 59:1 113:1 115:1 
0 
1 
2 
0 
0 88:1 
0 27:1 
1 
1 
2 
1 
0 
0 
0 
0 
1 
0 62:1 
1 
1 
0 111:1 115:1 
0 
0 
0 
0 
2 37:1 
1 
2 8:1 
1 
0 
0 
1 
2 
0 12:1 111:1 
0 
2 58:1 91:1 92:1 120:1 124:1 
0 
2 
0 13:1 
0 
1 
0 71:1 
0 78:1 107:1 
0 
1 
0 89:1 
0 119:1 
2 
1 
0 
1 
1 
2 4:1 58:1 120:1 
1 
1 
2 43:1 48:1 
1 53:1 
0 
0 
2 
0 
0 105:1 
1 
2 
1 
0 
1 
0 
1 
1 31:1 
1 95:1 
2 
0 8:1 
0 79:1 
1 
0 
2 45:1 
1 
2 
0 94:1 
1 
2 43:1 
2 103:1 
0 
0 
1 
2 
1 
0 
1 
0 
0 
0 
0 
0 
1 
2 
2 
0 
2 
0 
0 
0 
0 
0 
0 
0 
2 
0 
0 
0 
2 77:1 
0 16:1 76:1 129:1 
0 
0 
2 
2 
2 
0 75:1 
1 
0 31:1 
1 56:1 
1 29:1 115:1 
0 85:1 
0 
0 
1 
0 
2 
0 
0 
1 
0 50:1 
0 
1 
2 
1 
1 
1 48:1 71:1 
1 109:1 
0 
0 
1 43:1 
2 
0 
1 
0 
0 
0 
1 47:1 
0 
1 
2 
0 
1 
0 
2 91:1 
2 
0 87:1 
0 
0 
2 
2 64:1 
0 
2 
0 
0 122:1 
2 
0 
1 
0 
0 
2 
0 
0 98:1 
0 
0 
0 113:1 
1 64:1 
1 
0 
0 
1 9:1 
0 
2 
0 
1 
2 35:1 
2 17:1 52:1 
1 
2 
0 23:1 48:1 
0 
0 83:1 
0 
0 
0 
0 
0 
2 
0 
0 51:1 
0 
0 51:1 
0 
1 60:1 
1 
1 1:1 
1 
1 
0 
1 
2 17:1 
2 17:1 
2 
0 
0 30:1 
2 
0 95:1 
0 
1 
1 
2 
0 
1 
0 
1 
1 
0 
0 
2 
1 
2 
1 
0 
1 
2 
1 
0 
1 
0 1:1 33:1 
1 
0 
2 
1 
1 
1 
2 103:1 
2 
1 113:1 
1 
2 
0 
0 
2 
0 
1 
1 
1 4:1 
1 
0 
1 
1 12:1 
1 
0 82:1 
0 
1 
1 10:1 55:1 
2 
1 113:1 
0 77:1 102:1 
0 
2 52:1 102:1 
1 
0 
0 
2 
0 94:1 
2 
1 
2 
0 
2 
1 
0 36:1 
2 
2 
0 
1 
0 13:1 50:1 
0 
1 
0 
1 
1 
0 
1 
0 29:1 
0 94:1 
1 
1 
2 108:1 
2 103:1 
0 
0 29:1 35:1 
1 109:1 
2 
2 
0 
0 
1 54:1 
0 
0 42:1 
0 43:1 
0 28:1 80:1 
0 22:1 
2 101:1 
0 
0 
1 85:1 
2 
2 
1 78:1 
1 
0 
0 
0 
1 43:1 
0 41:1 45:1 
2 
0 21:1 50:1 
1 16:1 26:1 76:1 99:1 129:1 132:1 
1 93:1 
1 
0 
1 
0 85:1 
2 
2 
1 
1 
0 119:1 
0 29:1 
0 
2 81:1 105:1 
0 28:1 
0 
0 53:1 
0 
0 
2 
0 
1 
2 
0 
1 
0 38:1 108:1 
2 
1 79:1 
0 
0 
2 
1 
0 
2 
0 90:1 
1 11:1 117:1 
1 
0 
0 
1 80:1 
0 7:1 
1 
1 
1 
0 
0 
1 
0 
0 
0 
2 
0 24:1 49:1 69:1 83:1 97:1 112:1 130:1 131:1 133:1 
0 
0 
1 60:1 
0 
1 
1 47:1 60:1 
1 36:1 
2 
2 
0 
0 
0 95:1 
0 14:1 
1 
0 75:1 
0 75:1 
1 
1 
1 
0 
0 119:1 
0 83:1 
2 
2 
0 114:1 
1 
2 
2 61:1 
0 
0 
1 
0 
2 
1 
1 
0 96:1 
0 
0 8:1 80:1 
1 
0 
1 
2 
2 52:1 
1 
0 
0 
1 22:1 
0 87:1 
1 
0 77:1 
0 
1 
1 20:1 45:1 125:1 
2 100:1 
0 
1 
0 81:1 
0 
2 
0 
0 
0 
0 
1 
2 
1 
1 
1 101:1 
1 114:1 118:1 127:1 
0 
0 
2 
0 
1 
1 
0 
0 
1 
1 
1 
1 
2 
2 
0 
2 
0 
2 
2 
0 27:1 
0 16:1 76:1 129:1 
0 32:1 
1 
0 
0 56:1 68:1 
2 10:1 
0 
1 77:1 
2 
1 54:1 61:1 110:1 
1 
1 
2 107:1 
2 
1 
1 5:1 
2 
0 33:1 
1 16:1 19:1 
1 
2 
0 14:1 
1 54:1 95:1 
1 86:1 
2 
0 
2 
0 
1 
2 
2 101:1 
1 47:1 
0 
2 
0 
1 
0 89:1 
1 
1 
0 
2 
0 
0 11:1 
1 65:1 
2 
1 
0 
1 
0 39:1 59:1 
0 35:1 
0 
2 
0 7:1 
1 
1 
0 57:1 
0 
2 
1 
2 
2 
0 
0 
0 77:1 
0 
1 45:1 
1 
0 
0 
1 
2 
1 
2 
2 
0 
0 70:1 
1 
0 
2 
2 
1 
0 
0 2:1 
1 
1 
1 
1 
1 
1 
2 
0 
2 
0 50:1 
2 
1 
1 2:1 91:1 
1 
2 
1 
2 
1 109:1 
1 60:1 72:1 
1 
0 
1 68:1 
0 
2 
1 39:1 94:1 
1 
1 
1 
2 
1 
1 
0 
1 
1 
1 38:1 
1 
0 
1 
2 
2 
1 
1 
2 
0 111:1 
1 
1 74:1 
0 46:1 
1 73:1 
0 
2 
0 
0 
2 
1 
0 
1 38:1 
1 
2 
1 
0 5:1 
1 
1 
1 
1 
0 
1 
0 
0 
0 106:1 
2 
0 13:1 111:1 
0 
1 8:1 
0 
2 
2 
0 111:1 
0 
1 
1 
0 
0 
0 
0 33:1 50:1 
2 25:1 
0 
2 
2 
2 
1 
0 
1 
1 
1 77:1 
0 
1 
2 
2 
0 
1 
0 
0 
1 
1 
0 18:1 
0 16:1 
2 
0 
0 
0 
1 
0 
1 
0 
2 
1 25:1 65:1 
2 
0 
2 15:1 62:1 
1 70:1 
1 
1 74:1 
1 
1 
1 
1 
2 
1 
0 
0 
2 
2 
2 
0 
1 
0 
1 
2 
1 
0 
0 
1 23:1 
1 
0 50:1 79:1 
2 
0 
2 
1 
1 
1 
0 
2 
1 13:1 
1 
0 
0 
0 
2 
1 115:1 
0 
1 
1 26:1 99:1 132:1 
0 
1 
2 
0 
1 
0 
0 70:1 
2 
1 
1 26:1 99:1 132:1 
0 
1 
1 77:1 
0 
0 
0 
0 
0 
2 
1 
1 
2 
1 
0 
1 
0 
1 
1 
2 
1 
1 
2 
1 
1 
1 
2 
2 62:1 
0 64:1 77:1 
0 
2 
0 
0 
2 
0 
0 
2 
1 
1 
1 
1 
0 
0 
0 
1 
1 
0 
0 
0 
1 
1 42:1 
1 
0 
0 
0 
2 
0 
1 
1 
0 
1 
1 
1 
1 23:1 
0 
0 18:1 
0 
1 
1 27:1 
2 
0 
1 
0 
0 
0 106:1 
1 38:1 
0 
0 
1 
2 
0 
0 114:1 118:1 127:1 
0 98:1 113:1 
0 
2 89:1 
0 
0 
1 
0 
2 
2 15:1 67:1 
1 
0 82:1 
0 
2 
0 44:1 
0 73:1 102:1 
1 71:1 
2 
1 15:1 
0 78:1 
1 
0 
0 83:1 
1 
1 
0 30:1 
0 
2 
2 
1 
2 74:1 
0 
2 
1 109:1 
1 
1 113:1 
1 109:1 
1 20:1 45:1 58:1 92:1 104:1 124:1 125:1 126:1 128:1 
0 
1 
0 
0 
1 40:1 73:1 94:1 
0 24:1 49:1 112:1 121:1 130:1 
0 75:1 
0 14:1 
2 
1 
1 
1 
1 
2 
1 
0 28:1 96:1 
1 81:1 
0 21:1 22:1 88:1 
0 
0 
1 
1 
2 
0 
2 
0 18:1 
1 
2 
1 
1 
2 
2 
1 
0 
0 
0 91:1 120:1 
0 
0 22:1 40:1 73:1 
1 
0 
2 
0 
0 
1 
0 
1 
0 115:1 
